-2.93878e+00 	2.22956e+01 	
-2.81633e+00 	1.94768e+01 	
-2.69388e+00 	1.67779e+01 	
-2.57143e+00 	1.41990e+01 	
-2.44898e+00 	1.17400e+01 	
-2.32653e+00 	9.40098e+00 	
-2.20408e+00 	7.18190e+00 	
-2.08163e+00 	5.08278e+00 	
-1.95918e+00 	3.10360e+00 	
-1.83673e+00 	1.24438e+00 	
-1.71429e+00 	0.00000e+00 	
-1.59184e+00 	0.00000e+00 	
-1.46939e+00 	0.00000e+00 	
-1.34694e+00 	0.00000e+00 	
-1.22449e+00 	0.00000e+00 	
-1.10204e+00 	0.00000e+00 	
-9.79592e-01 	0.00000e+00 	
-8.57143e-01 	0.00000e+00 	
-7.34694e-01 	0.00000e+00 	
-6.12245e-01 	0.00000e+00 	
-4.89796e-01 	0.00000e+00 	
-3.67347e-01 	0.00000e+00 	
-2.44898e-01 	0.00000e+00 	
-1.22449e-01 	0.00000e+00 	
0.00000e+00 	0.00000e+00 	
1.22449e-01 	0.00000e+00 	
2.44898e-01 	0.00000e+00 	
3.67347e-01 	0.00000e+00 	
4.89796e-01 	0.00000e+00 	
6.12245e-01 	0.00000e+00 	
7.34694e-01 	0.00000e+00 	
8.57143e-01 	0.00000e+00 	
9.79592e-01 	0.00000e+00 	
1.10204e+00 	0.00000e+00 	
1.22449e+00 	0.00000e+00 	
1.34694e+00 	0.00000e+00 	
1.46939e+00 	0.00000e+00 	
1.59184e+00 	0.00000e+00 	
1.71429e+00 	0.00000e+00 	
1.83673e+00 	1.24438e+00 	
1.95918e+00 	3.10360e+00 	
2.08163e+00 	5.08278e+00 	
2.20408e+00 	7.18190e+00 	
2.32653e+00 	9.40098e+00 	
2.44898e+00 	1.17400e+01 	
2.57143e+00 	1.41990e+01 	
2.69388e+00 	1.67779e+01 	
2.81633e+00 	1.94768e+01 	
2.93878e+00 	2.22956e+01 	
