-2.93878e+00 	4.31820e+00 	
-2.81633e+00 	3.96585e+00 	
-2.69388e+00 	3.62849e+00 	
-2.57143e+00 	3.30612e+00 	
-2.44898e+00 	2.99875e+00 	
-2.32653e+00 	2.70637e+00 	
-2.20408e+00 	2.42899e+00 	
-2.08163e+00 	2.16660e+00 	
-1.95918e+00 	1.91920e+00 	
-1.83673e+00 	1.68680e+00 	
-1.71429e+00 	1.46939e+00 	
-1.59184e+00 	1.26697e+00 	
-1.46939e+00 	1.07955e+00 	
-1.34694e+00 	9.07122e-01 	
-1.22449e+00 	7.49688e-01 	
-1.10204e+00 	6.07247e-01 	
-9.79592e-01 	4.79800e-01 	
-8.57143e-01 	3.67347e-01 	
-7.34694e-01 	2.69888e-01 	
-6.12245e-01 	1.87422e-01 	
-4.89796e-01 	1.19950e-01 	
-3.67347e-01 	6.74719e-02 	
-2.44898e-01 	2.99875e-02 	
-1.22449e-01 	7.49688e-03 	
0.00000e+00 	0.00000e+00 	
1.22449e-01 	7.49688e-03 	
2.44898e-01 	2.99875e-02 	
3.67347e-01 	6.74719e-02 	
4.89796e-01 	1.19950e-01 	
6.12245e-01 	1.87422e-01 	
7.34694e-01 	2.69888e-01 	
8.57143e-01 	3.67347e-01 	
9.79592e-01 	4.79800e-01 	
1.10204e+00 	6.07247e-01 	
1.22449e+00 	7.49688e-01 	
1.34694e+00 	9.07122e-01 	
1.46939e+00 	1.07955e+00 	
1.59184e+00 	1.26697e+00 	
1.71429e+00 	1.46939e+00 	
1.83673e+00 	1.68680e+00 	
1.95918e+00 	1.91920e+00 	
2.08163e+00 	2.16660e+00 	
2.20408e+00 	2.42899e+00 	
2.32653e+00 	2.70637e+00 	
2.44898e+00 	2.99875e+00 	
2.57143e+00 	3.30612e+00 	
2.69388e+00 	3.62849e+00 	
2.81633e+00 	3.96585e+00 	
2.93878e+00 	4.31820e+00 	
