-9.87654e+00 	5.00000e-03 	
-9.62963e+00 	5.00000e-03 	
-9.38272e+00 	5.00000e-03 	
-9.13580e+00 	5.00000e-03 	
-8.88889e+00 	5.00000e-03 	
-8.64198e+00 	5.00000e-03 	
-8.39506e+00 	5.00000e-03 	
-8.14815e+00 	5.00000e-03 	
-7.90123e+00 	5.00000e-03 	
-7.65432e+00 	5.00000e-03 	
-7.40741e+00 	5.00000e-03 	
-7.16049e+00 	5.00000e-03 	
-6.91358e+00 	5.00000e-03 	
-6.66667e+00 	5.00000e-03 	
-6.41975e+00 	5.00000e-03 	
-6.17284e+00 	5.00000e-03 	
-5.92593e+00 	5.00000e-03 	
-5.67901e+00 	5.00000e-03 	
-5.43210e+00 	5.00000e-03 	
-5.18519e+00 	5.00000e-03 	
-4.93827e+00 	5.00000e-03 	
-4.69136e+00 	5.00000e-03 	
-4.44444e+00 	5.00000e-03 	
-4.19753e+00 	5.00000e-03 	
-3.95062e+00 	5.00000e-03 	
-3.70370e+00 	5.00000e-03 	
-3.45679e+00 	5.00000e-03 	
-3.20988e+00 	5.00000e-03 	
-2.96296e+00 	5.00000e-03 	
-2.71605e+00 	5.00000e-03 	
-2.46914e+00 	5.00000e-03 	
-2.22222e+00 	5.00000e-03 	
-1.97531e+00 	5.00000e-03 	
-1.72840e+00 	5.00000e-03 	
-1.48148e+00 	5.00000e-03 	
-1.23457e+00 	5.00000e-03 	
-9.87654e-01 	5.00000e-03 	
-7.40741e-01 	5.00000e-03 	
-4.93827e-01 	4.87731e-03 	
-2.46914e-01 	1.21933e-03 	
0.00000e+00 	0.00000e+00 	
2.46914e-01 	1.21933e-03 	
4.93827e-01 	4.87731e-03 	
7.40741e-01 	5.00000e-03 	
9.87654e-01 	5.00000e-03 	
1.23457e+00 	5.00000e-03 	
1.48148e+00 	5.00000e-03 	
1.72840e+00 	5.00000e-03 	
1.97531e+00 	5.00000e-03 	
2.22222e+00 	5.00000e-03 	
2.46914e+00 	5.00000e-03 	
2.71605e+00 	5.00000e-03 	
2.96296e+00 	5.00000e-03 	
3.20988e+00 	5.00000e-03 	
3.45679e+00 	5.00000e-03 	
3.70370e+00 	5.00000e-03 	
3.95062e+00 	5.00000e-03 	
4.19753e+00 	5.00000e-03 	
4.44444e+00 	5.00000e-03 	
4.69136e+00 	5.00000e-03 	
4.93827e+00 	5.00000e-03 	
5.18519e+00 	5.00000e-03 	
5.43210e+00 	5.00000e-03 	
5.67901e+00 	5.00000e-03 	
5.92593e+00 	5.00000e-03 	
6.17284e+00 	5.00000e-03 	
6.41975e+00 	5.00000e-03 	
6.66667e+00 	5.00000e-03 	
6.91358e+00 	5.00000e-03 	
7.16049e+00 	5.00000e-03 	
7.40741e+00 	5.00000e-03 	
7.65432e+00 	5.00000e-03 	
7.90123e+00 	5.00000e-03 	
8.14815e+00 	5.00000e-03 	
8.39506e+00 	5.00000e-03 	
8.64198e+00 	5.00000e-03 	
8.88889e+00 	5.00000e-03 	
9.13580e+00 	5.00000e-03 	
9.38272e+00 	5.00000e-03 	
9.62963e+00 	5.00000e-03 	
9.87654e+00 	5.00000e-03 	
