-9.87654e+00 	3.12500e+00 	
-9.62963e+00 	3.12500e+00 	
-9.38272e+00 	3.12500e+00 	
-9.13580e+00 	3.12500e+00 	
-8.88889e+00 	3.12500e+00 	
-8.64198e+00 	3.12500e+00 	
-8.39506e+00 	3.12500e+00 	
-8.14815e+00 	3.12500e+00 	
-7.90123e+00 	3.12500e+00 	
-7.65432e+00 	3.12500e+00 	
-7.40741e+00 	3.12500e+00 	
-7.16049e+00 	3.12500e+00 	
-6.91358e+00 	3.12500e+00 	
-6.66667e+00 	3.12500e+00 	
-6.41975e+00 	3.12500e+00 	
-6.17284e+00 	3.12500e+00 	
-5.92593e+00 	3.12500e+00 	
-5.67901e+00 	3.12500e+00 	
-5.43210e+00 	3.12500e+00 	
-5.18519e+00 	3.12500e+00 	
-4.93827e+00 	3.12500e+00 	
-4.69136e+00 	3.12500e+00 	
-4.44444e+00 	3.12500e+00 	
-4.19753e+00 	3.12500e+00 	
-3.95062e+00 	3.12500e+00 	
-3.70370e+00 	3.12500e+00 	
-3.45679e+00 	3.12500e+00 	
-3.20988e+00 	3.12500e+00 	
-2.96296e+00 	3.12500e+00 	
-2.71605e+00 	3.12500e+00 	
-2.46914e+00 	3.12500e+00 	
-2.22222e+00 	3.12500e+00 	
-1.97531e+00 	3.12500e+00 	
-1.72840e+00 	3.12500e+00 	
-1.48148e+00 	3.12500e+00 	
-1.23457e+00 	3.04832e+00 	
-9.87654e-01 	1.95092e+00 	
-7.40741e-01 	1.09739e+00 	
-4.93827e-01 	4.87731e-01 	
-2.46914e-01 	1.21933e-01 	
0.00000e+00 	0.00000e+00 	
2.46914e-01 	1.21933e-01 	
4.93827e-01 	4.87731e-01 	
7.40741e-01 	1.09739e+00 	
9.87654e-01 	1.95092e+00 	
1.23457e+00 	3.04832e+00 	
1.48148e+00 	3.12500e+00 	
1.72840e+00 	3.12500e+00 	
1.97531e+00 	3.12500e+00 	
2.22222e+00 	3.12500e+00 	
2.46914e+00 	3.12500e+00 	
2.71605e+00 	3.12500e+00 	
2.96296e+00 	3.12500e+00 	
3.20988e+00 	3.12500e+00 	
3.45679e+00 	3.12500e+00 	
3.70370e+00 	3.12500e+00 	
3.95062e+00 	3.12500e+00 	
4.19753e+00 	3.12500e+00 	
4.44444e+00 	3.12500e+00 	
4.69136e+00 	3.12500e+00 	
4.93827e+00 	3.12500e+00 	
5.18519e+00 	3.12500e+00 	
5.43210e+00 	3.12500e+00 	
5.67901e+00 	3.12500e+00 	
5.92593e+00 	3.12500e+00 	
6.17284e+00 	3.12500e+00 	
6.41975e+00 	3.12500e+00 	
6.66667e+00 	3.12500e+00 	
6.91358e+00 	3.12500e+00 	
7.16049e+00 	3.12500e+00 	
7.40741e+00 	3.12500e+00 	
7.65432e+00 	3.12500e+00 	
7.90123e+00 	3.12500e+00 	
8.14815e+00 	3.12500e+00 	
8.39506e+00 	3.12500e+00 	
8.64198e+00 	3.12500e+00 	
8.88889e+00 	3.12500e+00 	
9.13580e+00 	3.12500e+00 	
9.38272e+00 	3.12500e+00 	
9.62963e+00 	3.12500e+00 	
9.87654e+00 	3.12500e+00 	
