-2.93878e+00 	2.26208e+00 	
-2.81633e+00 	2.24005e+00 	
-2.69388e+00 	2.21897e+00 	
-2.57143e+00 	2.19882e+00 	
-2.44898e+00 	2.17961e+00 	
-2.32653e+00 	2.16134e+00 	
-2.20408e+00 	2.14400e+00 	
-2.08163e+00 	2.12760e+00 	
-1.95918e+00 	2.11214e+00 	
-1.83673e+00 	2.09761e+00 	
-1.71429e+00 	2.08402e+00 	
-1.59184e+00 	2.07137e+00 	
-1.46939e+00 	2.05966e+00 	
-1.34694e+00 	2.04888e+00 	
-1.22449e+00 	2.03904e+00 	
-1.10204e+00 	2.03014e+00 	
-9.79592e-01 	2.02218e+00 	
-8.57143e-01 	2.01515e+00 	
-7.34694e-01 	2.00906e+00 	
-6.12245e-01 	2.00390e+00 	
-4.89796e-01 	1.91920e+00 	
-3.67347e-01 	1.07955e+00 	
-2.44898e-01 	4.79800e-01 	
-1.22449e-01 	1.19950e-01 	
0.00000e+00 	0.00000e+00 	
1.22449e-01 	1.19950e-01 	
2.44898e-01 	4.79800e-01 	
3.67347e-01 	1.07955e+00 	
4.89796e-01 	1.91920e+00 	
6.12245e-01 	2.00390e+00 	
7.34694e-01 	2.00906e+00 	
8.57143e-01 	2.01515e+00 	
9.79592e-01 	2.02218e+00 	
1.10204e+00 	2.03014e+00 	
1.22449e+00 	2.03904e+00 	
1.34694e+00 	2.04888e+00 	
1.46939e+00 	2.05966e+00 	
1.59184e+00 	2.07137e+00 	
1.71429e+00 	2.08402e+00 	
1.83673e+00 	2.09761e+00 	
1.95918e+00 	2.11214e+00 	
2.08163e+00 	2.12760e+00 	
2.20408e+00 	2.14400e+00 	
2.32653e+00 	2.16134e+00 	
2.44898e+00 	2.17961e+00 	
2.57143e+00 	2.19882e+00 	
2.69388e+00 	2.21897e+00 	
2.81633e+00 	2.24005e+00 	
2.93878e+00 	2.26208e+00 	
